-0.294401175326 -0.331557461987 -0.362895829248 -0.294091711529 -0.333806232251 -0.365928574467 -0.303994553059 -0.338448189219 -0.364587564676 
0.373176638056 0.300627383834 0.243583567728 0.405164047255 0.319538778402 0.238343634724 0.485192114946 0.340260331643 0.191755866747 
-0.562298955015 -0.613713417351 -0.242645238954 -0.142026438229 0.0596764524736 0.172741740687 0.0675863697561 0.331754342527 0.28301529339 
0.312102833655 0.343390649849 0.345888679086 0.314600862893 0.355349964821 0.357504515038 0.284999216434 0.323406415953 0.355193837994 
-0.519872240935 -0.421854681768 -0.247206956482 -0.426458246191 -0.262312402244 -0.161801245681 -0.276794448657 -0.247302864074 -0.275739465143 
0.322198513446 0.346996068687 0.221604657278 -0.00239212709656 0.401036023978 0.684453365251 -0.0495308759753 -0.269082815542 -0.150007762543 
0.240671476234 -0.100469621001 -0.449830985639 0.228341075129 -0.324155743608 -0.698494074587 0.213165196846 0.0767403743656 -0.182198048837 
0.28954461326 0.366396123208 0.397836497269 0.206188198334 0.261849487521 0.369771774655 0.339169153509 0.366864279248 0.355258937413 
0.348184330972 0.327755468502 0.315209482311 0.196910824909 0.146449314079 0.185641642623 0.0992075696169 0.397646603964 0.639795240092 
0.331049323465 0.327351413809 0.305243910678 0.350418374581 0.328470781056 0.291251820088 0.380941120767 0.366849086673 0.308002351394 
-0.343424702597 -0.349154140503 -0.321220545225 -0.344655394133 -0.346775492997 -0.318945317176 -0.331159155023 -0.330259405749 -0.312192026648 
-0.343795189528 -0.304842828504 -0.285109706297 -0.357382266381 -0.34256186939 -0.323671515943 -0.351421219047 -0.353230088583 -0.33088643875 
0.325792133201 0.302198386253 0.277965197936 0.418117629424 0.424249708199 0.350976285607 0.267373425505 0.276751898927 0.314954421782 
-0.266980056846 -0.237052081297 -0.26655919469 -0.243131201331 -0.34053740925 -0.429432849123 -0.364666839536 -0.410634339481 -0.37467400636 
0.0627806634339 0.470263119499 0.781563447413 0.126535674094 0.102682506313 0.254155617847 0.0644294999165 0.0742125963799 0.251517479475 
-0.208755538753 -0.329228417956 -0.419686151347 -0.257159084333 -0.325641443113 -0.37738458596 -0.335577775723 -0.35318281317 -0.346338700252 
