-0.280112540018 -0.425001868328 -0.439210925785 -0.00174418711421 -0.303363724948 -0.483129830651 0.130227816235 -0.187753666549 -0.412730409615 
-0.00106208581581 0.337424588735 0.467393136291 -0.126379671432 0.321662995492 0.567130431235 -0.243170493491 0.108752293332 0.394528065892 
0.247552229019 0.244580157821 0.2733101794 0.312194777573 0.364082187235 0.35801420854 0.368664130332 0.417455632497 0.368540294032 
-0.308440202234 -0.330172695257 -0.32217077314 -0.337083446177 -0.354132996142 -0.335082965647 -0.337719962709 -0.345767350292 -0.327308370863 
-0.320359391171 -0.343814490405 -0.330598142729 -0.321691473644 -0.346922682842 -0.341280921779 -0.318400446357 -0.340706297967 -0.334803344262 
-0.34738334918 -0.317525497532 -0.271079950525 -0.246820446062 -0.363141659772 -0.401915397675 -0.149160389631 -0.351944965404 -0.45230052233 
0.22815512911 0.369296800319 0.473071368912 0.182461287236 0.318097676292 0.458688819286 0.177850613433 0.268274872803 0.373219313854 
0.332726223959 0.378168610113 0.373519906242 0.313609082198 0.332830689215 0.336121344764 0.296372315037 0.308333586794 0.318989042858 
0.324170388768 0.274693094094 0.237312452626 0.413903758868 0.354114563099 0.253771833219 0.422728366535 0.387826547446 0.270032908022 
0.259325791296 0.233632565907 0.246433133395 0.360625246235 0.357954624241 0.318171565574 0.38880491279 0.407038814679 0.375728074062 
0.32298389678 0.35606340963 0.335374103007 0.330932330963 0.366934062263 0.346887643698 0.313457464634 0.322633230566 0.299313927338 
0.409080628508 -0.0492380218534 -0.393617119471 0.394998211877 -0.0940457111346 -0.461788818163 0.370353982772 0.000690546202711 -0.40001821794 
-0.302238175438 -0.293146687339 -0.319386348113 -0.346586897873 -0.328477836212 -0.32796043445 -0.37844406349 -0.369426489928 -0.324708194805 
-0.477596411573 -0.304316553616 0.0699956921026 -0.49632936919 -0.321488431431 0.117695352702 -0.462679426804 -0.291481008582 0.108675780516 
-0.127525836784 -0.401115422939 -0.232507887286 -0.257958081346 -0.173124101143 0.125915679072 -0.0310271843033 0.451466078102 0.67203442663 
0.509066965636 0.402984757209 0.140360514367 0.471763331903 0.337703398176 0.102890346555 0.378670781651 0.246442722794 0.0862369386383 
