0.272770134211 0.125162833774 -0.0152717333934 0.402634357613 0.242569152024 0.0232345188945 0.579687615681 0.526835896855 0.273147646488 
-0.370215782845 -0.357721315307 -0.296790502832 -0.37946493414 -0.346200442642 -0.281131851957 -0.361777960612 -0.324294557997 -0.260686359622 
-0.174998011638 -0.440837918793 -0.518327423645 -0.226469142598 -0.135404833976 -0.124092497501 -0.0511279272394 0.43021198976 0.483379971191 
0.331762976942 0.340751223517 0.315901365341 0.334708704811 0.345283112546 0.31627902276 0.352609666476 0.348984155253 0.310840755925 
0.0211292086048 0.301645755312 0.540305120967 -0.0589134709531 0.220134402735 0.568944244845 -0.0684598455793 0.161754650213 0.458426600134 
-0.320367786262 -0.339497346872 -0.33084639908 -0.329384267059 -0.346016018799 -0.337334609924 -0.324297266069 -0.341477317317 -0.329932566567 
0.20667981363 0.370281852207 0.494050350957 0.166033344419 0.295695581204 0.453607114091 0.186763043717 0.278217599443 0.378207913704 
0.412261827309 0.515704471603 0.437024159147 0.335179084649 0.391094027511 0.21735831219 0.0144669480919 -0.124122231716 -0.211988570498 
-0.240282630917 0.120858008468 0.505702859704 -0.0283390896565 -0.33370511292 -0.248648823335 0.564266206631 -0.0548320323141 -0.420155767908 
-0.123739530313 -0.389462386568 -0.509644093339 0.0570843220758 -0.274242309893 -0.494759203051 0.0907131482823 -0.184932968165 -0.455617454516 
-0.439731841753 -0.335016948636 -0.193074168824 -0.487963044713 -0.327864793064 -0.139891473546 -0.459537811029 -0.266612999192 -0.0984456489492 
0.32101561964 0.337255561147 0.330480616224 0.342237138296 0.358576711346 0.332672510169 0.321115251183 0.342237138296 0.312048780771 
0.110137212196 0.194325101574 0.211162679449 0.589072760657 0.55352676292 0.357088354371 0.291608884855 0.198066785546 0.0184659548733 
-0.242966523486 -0.332490402208 -0.392543687314 -0.246191607315 -0.349505499655 -0.416676211143 -0.235404257954 -0.341053555825 -0.384981421782 
0.149632899905 -0.16851523602 -0.339421259451 0.399944491145 -0.0428335757124 -0.388326675386 0.609238636761 0.201693503965 -0.331007424451 
0.326221941223 0.317308464456 0.273563863088 0.337740895816 0.355704979763 0.298110206802 0.374354715769 0.383268192537 0.318679768574 
0.413275723827 0.3235752711 0.0544739129197 0.401575664775 0.331375310467 0.0427738538684 0.436675841929 0.463975979716 0.206574680587 
-0.505695964053 -0.277189813482 0.258360897929 -0.492831914095 -0.267372512199 0.268855254473 -0.362498776362 -0.220655699193 0.184223346855 
0.582240151701 0.185526078793 -0.300123894591 0.450335220658 0.0696096242404 -0.353085722964 0.35640292128 0.0251416740026 -0.276640819746 
-0.209396196284 0.0571092812281 0.483692516918 -0.0519355131712 0.301369620683 0.635046691545 0.0876418236599 0.261677315521 0.382062768538 
0.326456409676 0.359518586623 0.348299126577 0.325372403875 0.342770696989 0.333556647676 0.324830400974 0.326402209386 0.310142122363 
0.297533211686 0.353644375923 0.271253299322 0.282617585749 0.357905983333 0.361457322842 0.349382768513 0.355064911726 0.355064911726 
0.306307167707 0.31645454327 0.329573650249 0.326964325104 0.334284931761 0.329646131503 0.347259076231 0.352187801505 0.354217276618 
-0.30352830628 -0.290935769432 -0.299171969208 -0.340421035858 -0.343552153128 -0.328168837843 -0.35941194278 -0.372685157296 -0.352196759505 
0.510389639486 0.404043863622 0.168246970664 0.463566895005 0.347428126832 0.140245133279 0.341919568657 0.23924616491 0.136113714648 
0.366527540929 0.448186846598 0.376425638586 -0.168588363646 -0.292314584356 -0.1432244884 -0.377067045543 -0.420989853896 -0.263238922489 
-0.0940468674485 -0.317754916258 -0.469299078354 -0.339404082272 -0.281672972901 -0.231158252203 -0.418784357655 -0.375486025628 -0.324971304929 
-0.202618693479 -0.365799425042 -0.406463854142 -0.190720098469 -0.369199023616 -0.429738028996 -0.169799491858 -0.335464545457 -0.401495210071 
0.120120614235 0.0822590386719 0.221435385881 0.319945596373 0.394967607211 0.387255064041 0.35044519891 0.456667952573 0.435984314071 
-0.21498852926 -0.145955951987 -0.185453973004 -0.302524683946 -0.301457169865 -0.298966303674 -0.44841827509 -0.505352359439 -0.412122796318 
-0.288139401249 -0.0393613138959 0.147863432257 -0.282368775512 0.220316844295 0.497948060337 -0.322121975037 0.270970114659 0.583225085126 
0.369676503954 0.466300960153 0.404661220853 0.274717986654 0.351351176054 0.379672137354 0.196418858355 0.234735453055 0.213078247355 
